84.473818
-3.242684
-94.740339
-78.629864
-30.110121
14.635070
-63.900476
-71.474134
69.162813
43.336800
-75.203085
63.378026
36.617888
52.287083
-86.801060
89.224678
-70.970248
42.742903
9.899833
-48.752837
-82.759536
22.775290
98.867051
31.573337
77.223813
-64.204100
-15.137316
-18.707413
88.429999
-35.798813
98.019216
46.667626
-33.153677
-82.407235
37.610989
33.025639
27.715665
-7.800362
-16.492473
40.553745
-29.096044
-51.440486
19.607516
-23.931333
-15.647720
-10.386249
-48.296312
-40.197969
-82.030524
-47.449153
-6.612571
72.638707
74.449226
-37.649735
-67.078879
-55.970197
-2.451150
73.546218
3.191971
34.540023
94.381115
-2.937285
-31.398482
88.544106
45.015581
-76.209599
18.136882
37.049715
51.723561
-63.041513
71.947559
-62.455756
89.932535
-94.440857
84.435063
-52.670272
-64.299331
-23.971928
92.712210
6.033991
-6.959669
45.374786
46.041332
-11.932532
-29.611459
45.438936
12.392637
40.251875
94.720825
-84.338270
-21.778891
40.889637
77.555702
88.319614
14.593574
55.882160
-79.334681
-65.968468
38.122600
-72.424405
-61.737597
61.470619
23.485776
69.683912
-6.293738
98.448678
52.120698
-14.558796
-24.444658
94.293533
12.836075
-95.326209
17.097106
-57.242094
85.903209
68.348698
74.632601
41.139615
89.691476
94.471681
82.472218
-43.486629
-55.209042
75.032669
71.655716
6.840872
23.251415
80.870882
-45.354016
3.021939
-15.927516
25.701205
-98.847121
42.088649
-50.269247
57.349922
28.554601
-37.381825
-26.681372
82.760932
-34.311582
-27.856389
-32.249143
71.406832
-26.833578
32.463289
28.898391
45.918618
-20.118362
53.212108
46.657086
70.843863
69.610726
-18.520861
7.230700
-56.721432
-22.403653
-80.539141
83.007321
-64.371231
-1.431301
5.775325
-41.453894
98.516338
67.208038
30.395814
85.049029
-35.911526
-26.098859
-29.993439
72.161361
-2.553426
-53.792774
47.264899
62.961598
-28.749933
43.299557
52.451092
-44.211941
-67.717884
11.578983
-68.103774
-41.615984
50.271148
-89.389548
58.334548
34.745037
86.788223
-68.960394
-19.731157
21.091201
-21.456907
-57.836651
-17.868436
-47.243709
24.949986
15.794130
-55.678398
25.179420
67.040608
39.878408
75.858884
-22.476543
-96.720206
-56.975464
-76.808961
59.020465
31.986805
-5.050856
90.625144
-1.270709
55.332808
72.344953
-73.306901
67.537049
-90.732821
-44.879241
-34.179012
-58.845398
-15.233681
37.314428
60.667145
40.768566
-3.215407
2.443946
33.484380
-34.836205
36.083614
30.295334
-66.112535
60.329060
-98.426171
87.075038
-67.137162
-8.306203
-53.182147
87.501491
19.932091
0.740149
19.526893
-40.472179
94.117652
33.010272
-82.453914
17.778609
-1.929610
-99.289539
-94.340618
-48.894078
-47.490407
72.822557
90.864610
-76.176374
-53.207159
0.995583
-86.123024
70.109357
-92.698782
40.403131
-93.317663
-44.386645
-76.597695
38.336578
-48.258034
-85.141426
16.060223
-71.644760
60.437082
27.981474
-9.018769
47.726236
-91.751211
-72.957029
-79.769244
-83.987152
98.001051
91.293380
-29.861701
-71.840748
-80.368292
-50.308631
-73.778950
57.730083
10.864950
-35.708407
-5.921679
25.163112
-96.478936
-87.750252
-67.195798
6.264857
-42.671252
-24.265113
-96.846489
89.705524
87.732070
-87.427160
27.899112
3.590425
-16.498253
3.491440
75.084778
92.705419
-72.612384
6.965508
57.730009
71.890660
-20.097559
32.878892
-0.171065
-45.965539
-21.253084
-94.365380
-88.988345
24.433864
92.104736
-62.927694
-34.275694
-78.949239
-65.861819
86.781362
-82.313954
50.640223
64.124529
90.440186
13.880588
24.657684
45.224425
11.418379
-30.595832
6.831031
-86.037264
-90.308857
55.782986
47.311458
64.635089
1.675314
-59.375890
-0.881064
71.784830
69.893287
82.071744
-47.910884
-55.899064
62.346065
-56.296027
85.133553
-0.679865
-82.761165
18.275944
87.116467
-4.899781
-97.118462
-37.896451
49.015726
-43.945408
-31.660606
18.938214
9.303641
69.163458
60.185666
46.110760
-57.938161
-29.896971
-51.170635
-9.219508
-70.416699
-60.070309
-15.523259
65.955507
76.823332
55.196878
53.096282
92.557997
-51.450231
70.233991
-11.726624
-18.493407
-79.624650
-9.791232
45.153627
92.910720
89.578629
-36.183569
-37.958233
67.546121
-75.934569
-96.124720
80.538032
90.003555
-67.735741
94.452397
-15.403024
-46.535631
60.886635
-10.593063
16.315949
63.752968
-32.191106
68.937866
15.160767
-81.482853
30.369538
-38.678491
-32.739019
34.076237
83.955882
-69.045304
15.162870
74.460048
-18.107109
27.237783
-22.194675
-64.626594
-46.347967
36.497523
-3.028591
-77.079293
-79.540731
30.725030
67.943535
-58.966091
-59.294570
26.493664
38.305996
-26.501679
63.956389
69.046923
-76.421539
58.167873
-13.988260
-28.958236
39.824676
89.396693
93.328682
-38.929355
27.159441
-81.996845
11.407738
1.090673
-27.984571
14.557145
-47.001302
34.972343
-26.397336
-6.167799
-10.267331
-84.275041
51.879673
-17.962947
-1.028727
6.036666
86.971348
40.890608
52.531293
34.913159
75.788690
90.693574
30.664732
35.928973
8.780827
50.903518
-96.136314
58.041252
99.256346
-10.638611
-61.486390
44.371379
-42.667197
-89.848565
-78.456599
-40.648685
-94.781578
79.873368
-54.054359
-84.778252
-31.156889
98.015706
74.631517
25.733283
-16.781646
77.785568
84.658873
-20.445506
-41.670589
-46.235333
96.248776
1.591985
-61.051559
59.643707
82.393032
-1.556432
-4.994963
23.790357
26.448441
-55.984990
86.402450
59.740036
-85.635721
-24.651300
-34.047685
50.375412
50.567077
51.919766
-9.145441
22.219080
10.624425
62.891592
-46.230914
73.149383
-66.751904
-1.634896
-21.703715
-84.660818
-50.534365
-88.536252
-20.531409
27.494435
-26.499402
53.369169
-22.491886
44.359166
35.571179
-59.728341
20.418766
44.502981
14.886151
-59.102880
88.702077
48.193410
92.705745
-31.685060
-18.961954
-66.088717
-3.499121
10.146899
-84.346708
-89.638245
-93.611201
17.778857
36.907656
51.222652
-73.464099
-18.220283
-27.441044
85.954221
-43.054587
19.391468
-78.891962
-16.856293
-29.915804
-82.117090
-6.823475
-52.576197
50.665343
-70.220662
39.399445
78.516452
-59.023910
12.578411
-42.948852
5.592099
-97.127174
-23.270715
94.283784
-22.256792
74.561136
-23.634729
-69.884812
33.377988
44.073107
58.633297
72.501991
-93.619967
38.609012
11.914123
-14.391637
-1.333118
7.362582
-84.494160
-50.293420
81.900333
-65.850935
73.879719
-44.350612
66.126387
-33.246631
99.552314
-27.302679
39.402801
57.538487
-23.026044
28.147802
24.282957
19.595404
-45.836245
-28.698799
-95.508617
39.930287
41.811087
-56.161559
52.679672
80.747926
-6.028237
-55.282748
90.670497
8.608142
-32.433410
-51.104363
-62.546236
-82.131148
-84.731492
-33.745088
78.902405
53.206219
-83.598669
19.166113
-44.012564
-0.845778
-63.086211
-77.210381
-47.020694
1.301452
-11.817826
-29.030196
-51.575912
73.793007
-44.304932
63.043007
-86.599695
43.045498
76.049723
-49.845709
21.769561
98.772403
50.054625
3.204436
54.134664
-12.178942
-50.595190
-65.160164
-42.704552
-53.530515
-34.144236
43.483834
-7.653834
24.972709
-71.775876
-69.533319
25.588337
91.559073
-52.023925
73.909276
79.815096
-42.793302
-66.749914
89.988898
-4.870254
-61.514935
-64.678974
-52.026016
94.905131
-62.451823
73.117659
20.621646
1.782936
-7.559776
28.911929
-78.787713
55.145863
85.453410
-87.296053
-13.593809
81.416271
-68.093000
17.679124
49.613091
63.523857
87.529413
76.927705
35.762514
-5.031805
-26.434352
88.857321
-51.377462
85.216420
5.050323
-12.846140
87.470980
69.271761
21.852813
47.293838
8.541492
-67.690708
-24.073926
72.911685
-88.589266
80.173653
-93.020700
-28.890357
-14.287659
-73.401558
-21.695643
-6.966185
88.924435
22.167078
39.387395
-88.148498
75.300081
49.394895
-45.468811
79.406979
99.226805
-13.646738
-17.152744
-61.981484
-21.001253
-89.486740
-42.853000
49.591105
41.397319
-96.078445
-31.351483
99.142895
-60.245208
75.510335
-87.112962
41.403996
-38.387203
16.071296
3.126613
-35.594833
95.123064
98.412270
89.674326
55.466963
4.125780
51.472245
33.228676
-84.219074
48.971633
31.743958
98.129351
-30.299044
-63.819612
-22.407083
-51.473098
-46.224673
-16.465666
-94.168579
2.416689
12.652854
-94.589074
85.495836
95.887646
88.126696
-93.344005
80.529532
56.459369
-1.565625
-1.329223
-1.627428
-88.048200
-25.320027
-15.292219
-73.964602
-45.468128
-51.688960
58.375033
-89.008102
-12.623623
24.019112
57.144977
42.318727
58.785152
97.953292
53.147772
48.132643
-37.888594
-65.329838
2.246108
-10.936366
-80.385184
19.342053
99.079913
-50.247153
88.897832
-2.628568
93.161414
-51.516225
18.754404
-3.499652
-87.998802
75.895045
-67.883267
41.672656
-46.412345
19.745296
45.811090
95.883177
62.653184
73.012001
-37.804464
5.313392
11.013782
95.360820
78.690165
-4.328156
-66.442189
68.634906
-10.691249
-18.280854
-40.978461
-46.321165
69.223305
-50.499999
-9.187292
-53.986906
-52.478207
-36.513187
65.523734
63.081765
38.077529
12.826107
-0.310698
-94.580752
-48.100625
89.418030
-63.229644
-93.115586
-41.124046
9.795157
1.637159
-72.319807
-23.673282
57.706040
-38.920855
-23.949717
-52.372738
-55.763013
-28.874056
30.090842
-91.816906
-69.416300
2.261694
7.385660
99.739256
-38.757076
-41.534377
59.346311
-29.425210
-96.234193
-98.637991
-33.487826
-71.637497
-61.202349
-47.113431
75.996312
-78.357549
14.469902
-96.177476
37.561085
-57.622113
-45.036682
-93.782933
-37.648471
30.763721
-79.229943
-36.141478
-63.876594
21.445219
78.428065
12.858740
-40.051585
-82.227906
87.049409
95.805377
0.373316
-63.650286
-83.393890
-21.927062
78.970362
70.023250
-51.109391
14.314172
-62.244344
13.130679
-4.739733
22.224973
69.939302
17.492319
-37.732652
93.773935
-17.891814
-73.419637
-70.688250
41.592315
79.835512
-27.898544
51.527133
-25.983599
24.059763
42.133905
-12.453028
-25.974715
83.546734
-18.226476
-28.486625
20.089659
-77.870990
-54.392144
88.776194
48.540958
87.646502
64.835848
11.334302
-11.640090
-35.265376
94.306592
73.187554
-25.734205
-48.886082
48.161589
-49.403231
86.990830
42.909169
-44.797068
-52.373698
5.589421
-49.154316
43.396426
11.813202
-60.194687
72.338576
-58.577965
70.886507
-63.965433
69.685287
-83.229759
-84.457503
-75.246345
-85.687654
-99.125706
58.454974
66.227790
-8.416544
-33.456505
-8.192691
-5.301514
7.534679
-58.086222
-70.476570
59.244345
74.805143
-48.863555
-22.160365
52.321109
80.423237
-59.397480
-51.636777
30.741161
-72.796630
-3.778524
-13.594078
-67.478122
84.191655
-39.066490
-43.713960
19.017028
51.653182
-39.798431
48.463556
92.361393
-49.818174
-45.574943
-47.690399
85.760153
-31.316019
29.543937
55.710422
-98.342017
4.027612
-48.319557
20.165307
-96.956151
-7.312468
-27.462090
2.666028
25.700018
43.361095
-10.390574
-42.002638
95.334272
46.012641
67.970429
8.565922
-28.015683
-13.140064
88.115914
74.193654
-61.428285
42.508079
-66.914042
63.958210
11.142569
87.521612
15.402579
-55.379429
-84.374404
2.249022
72.493473
-63.441462
-98.425267
17.648379
88.791983
34.930492
32.076468
-7.336993
3.448372
-8.782702
-46.386626
67.881152
-50.077678
78.192939
-40.793206
-60.123129
26.509335
69.828469
-41.670443
-75.758139
-96.530242
71.952957
-23.447489
35.702673
10.654778
-37.669386
-46.283280
-75.642839
48.242917
5.699614
-84.498390
-7.284771
35.954820
79.656335
75.041462
-58.819754
-30.340390
77.779499
85.465443
68.050362
-59.567371
65.139776
-54.116519
70.938264
-63.732598
-21.915310
24.758906
-0.352367
-52.026439
-1.276422
20.562275
-42.341987
75.784668
56.738539
78.307722
99.972734
27.818413
54.383550
-7.465700
-32.253785
7.489759
-44.325729
62.959624
80.121520
-25.155410
-72.874490
-91.263683
-24.085446
85.808137
-80.586979
-4.675495
-19.279348
19.043775
-25.932019
6.174154
-51.276929
-45.573515
24.325344
62.297709
61.903531
-88.516106
-7.076837
27.394804
-13.486170
-33.979372
45.723640
-49.908876
-18.878574
-96.058369
-5.616632
56.769978
-79.965018
52.583681
37.532654
-17.887100
51.111438
-86.230564
-66.838242
-51.364631
88.111448
-32.205952
-88.317315
8.596533
13.660027
75.983173
-83.315230
78.473908
11.859248
90.391861
-54.127684
29.216568
-30.505640
23.148194
-92.475598
-95.532332
84.480147
-41.782841
31.280660
16.854378
-28.333862
48.619879
94.950725
-98.509637
-66.736788
-50.604996
-39.645876
-72.544307
-17.206818
-34.568018
31.312365
-40.047622
45.827848
71.316757
-16.537634
-77.770686
88.277729
-41.621726
-49.323052
-90.622046
67.438248
-30.537922
-30.841223
49.232217
25.052363
93.293812
-47.774372
31.174431
-16.556245
-13.308033
-89.996547
-31.822103
47.147445
46.969225
-44.468990
-59.643854
-33.004650
33.411947
-20.918740
73.421919
-2.635116
92.387634
-44.508250
-30.516211
-86.881318
-37.377006
96.498512
52.878158
87.280910
-88.448516
83.324961
60.703037
-91.536884
-65.259451
-62.862058
41.275391
-13.151137
-57.409304
-14.852541
95.499528
16.500650
-36.154531
56.194245
-67.986153
71.309358
85.579968
-3.139317
92.925369
24.189479
29.778496
-89.477445
-64.370463
-54.538150
-28.370720
5.081940
91.099305
-16.528425
-60.123787
74.638019
-28.434803
-80.380249
44.999298
-13.221020
5.347623
-99.103620
80.037524
-41.261742
-37.819979
-38.916188
-15.830775
98.072855
-56.961949
-26.322963
-65.496085
7.616726
38.071287
15.600615
66.271027
49.970984
-2.509729
75.327462
-65.019476
-76.374609
55.942156
40.580213
8.947658
-71.480161
-83.822119
-70.431037
-16.496675
58.085281
-9.961629
56.589318
56.136143
67.870272
-63.257251
81.328988
-83.631453
85.596968
61.147069
25.748288
15.414488
-86.441793
96.959665
90.000921
37.824547
20.554196
25.775891
-30.017519
95.560245
83.707645
30.085396
72.942408
56.907514
93.789748
4.158230
-81.163648
97.149933
-28.041271
-44.833202
30.455477
-56.405089
67.051698
-49.688468
66.895107
84.963653
13.267498
-25.121374
-98.487326
33.010328
-19.932905
99.666059
63.871049
-38.477367
-22.486647
67.117605
13.884680
56.415921
43.008022
79.864834
-46.985618
70.463503
-94.928601
-51.469636
-5.469055
5.547607
-79.026491
59.914961
-67.568593
65.929874
40.655009
-33.456319
-72.129221
-84.045912
9.440494
-56.784164
91.608231
71.986680
50.879669
58.472008
-23.258799
45.483658
20.243802
59.749178
-89.086655
6.078254
68.393963
-18.716638
95.848717
24.347835
43.345283
-40.322713
-70.571616
-65.795097
72.218800
-5.799138
5.519894
-46.089906
70.690931
-0.835789
-11.255829
-46.565623
60.978386
-51.241334
-23.742610
-14.635767
-84.038912
-86.053476
-23.067115
5.759227
13.095035
-51.846122
-95.387639
22.321064
34.232446
-28.004646
5.340979
-57.751811
58.995202
-82.540324
90.226815
69.487697
-64.731858
38.165798
1.337619
15.804374
37.735716
-72.375742
83.044805
61.162458
-8.196446
-88.221875
-23.173454
54.378948
48.680378
-45.053771
-52.621441
13.282784
-57.958168
-42.216324
-43.273409
-46.058723
-98.747376
30.258126
69.117456
52.996789
77.820914
-69.776825
38.130144
-84.931287
77.395460
-25.493210
-39.678655
-51.091883
-21.317112
44.779540
-79.517678
62.562749
-39.133345
-12.961643
-31.529094
86.120376
85.509554
-85.342787
65.946636
-40.220665
91.216725
42.388727
-76.707455
22.306034
73.241451
-86.145234
0.325016
-25.240606
-1.779366
-32.912083
-33.342149
-51.149402
-30.234105
-73.153128
74.935051
22.040136
-36.912750
3.750823
-50.133904
67.262190
-86.602723
65.954507
-8.873993
-43.047031
84.072472
70.525084
-60.253445
65.426131
-28.709643
59.055575
-4.974451
-59.268889
56.693278
-92.575482
77.089735
40.187822
19.796729
9.559864
63.944823
61.693064
60.055768
25.998341
-98.683251
69.149165
52.088049
9.183951
-0.809655
88.846423
-90.469880
-71.387212
-52.037782
80.167268
87.259142
-99.656422
-32.264115
-76.651691
-26.503757
-15.785100
31.953215
22.125416
3.682657
-29.371691
5.766897
-27.052733
89.250653
4.398569
-1.436883
77.329674
-35.087509
93.072742
34.779272
47.201839
-38.660070
74.815313
-38.103754
-19.643111
-18.346036
6.617879
69.850786
-78.162630
-25.670394
57.265762
79.786584
-50.041088
-38.019915
-8.979044
-27.374822
-31.451923
92.075617
-67.334442
21.192082
-1.845816
-62.718939
4.497031
19.850474
2.589296
68.335085
16.455178
-84.917536
11.724315
-64.627864
-21.532476
-73.108620
-69.800607
58.136755
-69.134329
-78.907744
-47.009268
86.953612
-15.900490
-13.464559
-25.783028
-53.519791
20.548634
81.403008
86.119086
-73.820155
24.382319
-89.065945
-93.839675
87.181631
79.729858
37.875671
-44.976168
-38.746417
87.666771
65.320639
-45.664657
-47.431460
-86.360381
13.941101
60.785863
24.774497
30.232947
-39.040385
20.951345
54.084503
-8.297702
-30.306627
-28.869513
50.964198
-39.462067
-56.614021
-57.540056
11.822152
14.857883
-85.970710
-60.229751
-23.156925
-77.144251
-68.577313
-52.527110
-52.470153
41.405464
29.577102
1.043599
5.196081
20.707906
25.051025
-71.925218
-95.271488
56.577135
-4.736634
-93.745311
31.721188
-93.032668
91.291380
-4.139494
83.329882
55.324052
83.503680
-85.153278
10.565328
70.635474
29.523545
-47.687629
72.417136
81.644709
-84.443253
-2.062277
-61.049856
-99.845165
78.516354
63.800196
11.624296
49.302028
-46.436916
-84.603444
-43.591548
66.420843
64.584597
-79.073356
68.121781
-24.897191
95.220202
39.648233
-82.038529
-48.664262
-49.463524
-58.740318
-65.704679
54.912390
-69.097305
94.462426
63.185335
-11.381424
20.702468
37.571284
37.704964
-19.976065
-19.811951
-75.575611
-47.941921
-34.119526
-12.079984
1.719924
-12.668711
91.266619
-94.424583
58.224104
52.149207
-81.843958
-74.665836
13.881532
-54.208981
-16.849155
-66.626530
-44.722044
6.864059
50.646955
-88.516406
3.912266
-43.978919
36.080318
-55.116577
55.656807
5.240371
67.541253
-21.306060
-51.564612
-38.360064
-24.062132
-50.857909
98.272874
-62.437265
30.237188
3.400592
94.953897
-47.159314
94.387212
62.201221
-36.858577
-91.793200
76.752175
-92.999221
57.235019
96.960800
21.026281
29.240640
-4.221953
-74.173120
-49.545513
-7.544373
28.062250
-63.693805
-45.155766
30.917739
-84.733372
-14.170918
-67.050892
85.812256
-80.525221
2.479710
-42.059845
1.534724
10.574574
41.917868
2.490494
20.202185
95.470439
-4.317442
-76.658837
5.809773
14.333207
-82.813368
-21.639478
-79.858038
46.453303
22.874867
20.878588
-43.217995
82.273719
52.330437
91.246298
54.802893
-89.212715
-62.575463
-34.397812
46.820272
13.624459
85.843253
-71.611793
-78.698511
-65.362175
-70.291756
-63.397365
79.567473
-27.431992
50.992433
-84.809166
65.461724
-96.247632
64.980631
-96.201665
-79.948297
-30.436404
-93.644134
91.858992
-80.462064
-6.961453
4.087823
-52.153776
-4.285727
-30.981265
68.234087
-77.515948
82.236115
-68.083778
63.761364
61.220448
-42.135359
-27.082575
79.089393
72.412584
19.456587
29.514938
48.812729
-57.811354
-14.357376
-42.229043
-11.722087
80.489989
89.612605
-70.106267
-41.196047
-8.102071
19.824454
59.390787
14.738553
-73.050507
41.547541
-48.863344
-32.434228
-53.032821
58.450613
36.342114
20.710579
-97.692326
44.120521
-83.887663
67.758676
-42.134648
57.813006
-67.740765
99.453805
-55.256895
9.186762
41.130497
48.782182
-2.425070
87.013148
95.673709
-87.277847
-83.165140
-9.561952
-87.649384
-47.589974
8.942053
52.139353
-81.089303
-71.653697
23.404807
20.094646
-58.090899
-4.201619
-94.685733
65.804797
2.348802
-57.928727
-64.103186
-26.288216
-33.868175
73.601024
-47.876822
58.250087
-10.310543
-5.749498
3.660628
-33.035121
3.376656
0.084865
96.383510
-47.603193
-89.250272
-38.079887
-10.588449
31.793480
-4.891897
-60.197810
81.799934
87.647888
-32.576832
86.643269
28.860619
29.338877
-17.070989
58.821955
19.776031
-43.449139
29.069017
86.162069
-75.573669
30.665206
64.747540
69.288330
-60.545978
-52.992025
36.152227
-37.216612
32.618625
-91.876833
-72.066833
89.615590
-14.429187
62.899609
-30.411408
65.150583
-4.785668
13.190691
39.732113
-72.893684
19.814950
-94.583585
-87.658861
-35.059835
76.511109
4.526909
5.235779
0.512183
75.510445
-13.240487
-33.169846
73.716364
19.122091
29.520363
-44.213797
-11.600022
-79.961403
42.856462
26.134292
33.732675
-81.388258
16.191586
14.465890
47.800852
-51.566343
-53.476341
-89.799522
-54.043086
-3.182232
-63.822136
-93.991932
-62.614088
37.454186
-31.271669
-0.643760
84.523410
17.055615
-2.504824
-69.156640
-96.575444
-59.004421
-28.654759
67.796459
-64.373610
39.948008
2.406853
67.344180
72.164965
-29.858416
-83.450014
-16.566918
91.096515
-99.512734
47.212946
-90.638247
-37.847789
-21.614914
62.733533
68.595531
98.364143
-13.745760
39.373534
-87.548475
-90.514659
40.640180
-40.805760
-77.238114
-42.793901
82.514716
57.624103
-22.221177
-36.780829
-76.545065
83.159208
51.584690
29.075546
56.938395
-71.021046
-19.471209
2.625363
93.452924
-40.096288
51.358184
-27.630625
-19.094955
24.821659
13.523863
67.674493
-1.185148
-19.291065
-34.640922
-88.280282
-13.776870
67.162537
15.531746
-63.455516
4.939577
2.013213
72.918119
-68.989322
-59.866111
49.054091
-78.289392
-93.072335
71.244473
-40.286896
94.614841
37.711152
58.583348
-35.845579
86.826632
89.000733
22.205562
59.924993
38.158007
-73.092494
30.730676
-13.108688
-84.990097
-42.256895
91.812461
-15.796429
-17.616698
10.797630
-14.801741
-37.072900
-43.337154
59.784323
67.553824
-37.460748
66.549815
-6.511613
-77.730099
25.017577
-65.592105
-65.114240
26.653255
65.897847
94.582941
50.360965
0.399991
-95.518406
-66.020160
-61.380742
-32.346782
83.999436
-7.908269
25.313476
-80.121672
-97.574507
58.298334
32.747527
5.779641
-14.388648
-5.269483
-51.348202
53.180656
-45.658422
99.997615
0.650587
-66.050289
88.043532
33.164546
-77.592613
