-50.147322370410151
-62.099170797601467
44.958815735284993
-5.290283085087736
-61.991733747899595
16.625596732541815
45.463662821119215
-30.711175987030273
7.992031288798700
-91.017256577042730
-9.213632723005269
67.971555202000388
45.345253480433335
14.866520624040165
13.664402569236026
32.530895276898846
147.456355278144656
57.610569782501422
29.011744180537168
86.441195821779942
75.317386605665945
25.724377826337435
-70.025445316613954
-25.815328360580867
87.317311878445054
65.661446098044919
119.931037637849499
70.463708897880466
-47.068005171307369
38.054446785758934
-31.047487381081375
30.318305657505416
-13.770452259273219
65.578302662828733
-28.839119529062177
-85.752633757634371
-62.451061586150708
-52.543226234292320
141.989079641534403
-35.454697894609353
-51.419997942913255
108.694882823376048
25.989028891866237
-30.901452974337779
64.351148580576933
-24.371146045909697
57.795576827500533
102.144630437417277
-29.708707909967814
49.579915787982152
-50.233083515564822
-57.814708689653230
51.691527563048766
52.017179027597308
50.813948794922446
14.542828054258566
-97.458836999247765
-19.582349470310078
84.150804838968398
-54.092697283917033
-70.963897556306236
-56.505718686464562
-65.460323899951632
-66.013868496477315
40.985655152226215
-81.712340595640086
1.521082402089398
54.379080074035386
36.149928455006524
35.585729126402150
87.968332361077913
-10.629074152812818
-56.619114459168358
52.501142629456986
53.530625938197254
-65.768158298293628
83.039004093818392
26.727977462628676
-49.047062432416709
-27.889239011289366
60.937331908581385
17.129299447123206
13.052517073881713
99.140388895853107
-69.079575061313932
45.966412389356798
103.490897186936692
-94.712641080580397
-69.561473680589216
2.475503949421274
41.164109139538581
45.173834799879756
-91.149660843277658
54.118769048699356
68.990853777590601
41.340964157514620
94.321455999720030
5.395195228703948
-56.872608895105905
41.770743498108160
5.257042643046319
1.523010865638888
-59.201495345511020
-41.505337425869243
70.686568949640815
83.713289584760702
-43.874756929830106
60.498407858853433
65.078129879426015
-94.349249120386716
36.671264253361542
4.953769672949807
-102.814417160163231
85.313959676979891
68.200659065450793
68.964444503724081
-120.976826147867982
31.394523162593320
90.638802954654892
50.212648411725468
-77.988645687755465
-64.520395757290231
106.292050883749013
-31.486974460630854
75.530125240543427
-77.841732571575349
-40.096291816048506
-24.746384239733104
43.266069272982108
107.398338687283172
24.863218603258069
-19.392123360901849
-25.055901510183325
-90.561337369229591
-130.937276340582315
-127.443098787343118
-82.803538846996616
-40.237343548275952
5.231284857257537
128.846969048511170
99.001202514417855
-74.709403379726666
65.531612220106851
24.563221025415629
-42.406614854295391
-22.474144520785376
87.316142498907581
-56.519327466179760
-1.858557533168401
32.845703553016669
-18.509148989353061
-60.238022897449078
6.545914199024813
-27.877534600445170
41.987726252875639
-38.997865291981611
-106.023782390777868
38.676629890535146
27.213559692653138
-28.400454166937706
-56.158293110947888
-4.122032981539416
65.869247835172288
-35.992605827054945
-115.510385253771631
33.108132432314726
-18.794350411640533
11.358435283500468
11.240321096439033
-75.611880419764432
-21.849218953037113
29.470667191411458
-66.667977936453553
-63.267592359060778
-7.580405969072691
-78.218690323080338
-43.046872740377587
32.803415476258593
39.014926290326251
55.599940582131907
-108.821064548759111
-45.804686458193927
-29.823388081789492
-50.587588491374916
26.994387178457178
-72.509674309976702
-130.418892426962969
132.059405881070177
54.588699950796702
-25.823229284294236
-86.345882047829875
-63.114280647806829
42.911984044750326
-9.838923411862028
-56.601419073324202
9.925641114367730
-78.813465691216578
13.952318360386219
-3.463804059894080
49.288751346874562
-32.830805421169828
2.518160578971433
54.796441524381713
71.835835074644166
-68.700361414407837
30.190912077623985
69.034676481635401
-9.624187837696734
-66.614737105681627
28.418163799771023
-13.932943389520133
32.408158482469048
38.495259318620874
59.380301671333662
-4.760668071134265
-114.534175222232960
-116.982197332246429
-115.557840958283791
-78.432408361266866
-6.520381391732831
-98.223453091866205
-109.367825223458965
29.800581446918567
34.967366373028298
38.965140925901387
-11.566562195635244
128.497468234513207
-47.196474176334362
-60.811604799454059
34.966786299532593
-12.084368776832543
-30.500228356458503
-15.773541141871494
44.986868133708612
76.596472645349905
75.454060338317817
-3.742871517928421
-29.296057143588623
42.994168098176388
-31.215970090784197
45.274336518954165
-109.651003935701937
-9.169184364923398
-5.014270698571509
115.483099908936737
-178.057948734183157
34.241098249686729
-14.135976478228043
6.255149299486411
-87.755319056002321
42.995954584966576
84.031666915873600
-54.811171394634300
-20.911397664045364
83.233482718291739
-78.143515047338212
-7.961280718389702
-106.471871155703695
2.882709567317113
8.665557771045370
32.517283834710632
-7.670888509506949
18.342178463922622
63.477290656519266
-123.518802432335320
33.780644192382674
-43.027856123807418
-65.587055216220406
38.479126578804923
-116.179052507877770
-86.859106958683469
-93.247677361619637
32.449206601649244
-86.782020835478264
49.809832227237187
-31.683112446554006
-60.436994020714685
-103.271694077936800
50.897767698166049
-34.297267419992814
-54.844099737511122
49.892019946964410
136.342397828767588
-16.070106656251131
84.710853241907685
-4.834809982176656
82.618724380625423
14.339817049896380
-44.244580359437037
2.520447841604703
-36.141026093884228
-64.803808510770480
5.316554420033272
-73.135477060515470
132.053652116440446
112.852606530736580
-107.193684860755894
32.886905153752174
134.821111943990616
99.711827897779159
75.801354661272470
-8.269776019941967
111.745193460835935
17.683438026875969
113.985190020942213
54.882281615789935
67.343509679926498
4.214794771236760
-15.310298452496141
77.057141453817451
6.016501220170371
-61.234965021509012
-20.546255616139153
27.297742116138302
90.775132714758627
114.525549983520577
6.816366319890759
-19.336400484304672
70.039074018376496
14.936810934976027
106.360193765245398
-16.227938124803721
23.140786425429340
97.739489630602890
-52.715246712688810
27.916777886918613
9.775027414949943
3.867182591855818
-51.135316347304290
45.906900816940045
107.767479772703112
51.152410589021585
46.241140476598247
-47.684603108245959
15.016198795312020
98.511060700565423
64.545796420292604
-66.336390176711916
-37.348972819351850
18.899563777101061
-11.055412751610561
-68.576439373375408
77.289355040015053
11.325558480975534
-95.684833037773785
23.812220381923989
119.291659765925786
5.837366326967617
90.712121930826214
-11.317859175824569
-6.797327009463078
9.538347832877898
-94.000665817349670
-38.528402934952759
44.082190058200517
115.852727916784360
-79.247851586236607
65.099894391516798
104.432961695977411
75.499504213348644
-76.394133592311334
-68.416612457750176
7.243448243530294
54.275322315062695
68.345465447846451
59.568136116371264
-53.976577392909327
14.304793306560857
-67.447546263773191
-18.649290442022071
-52.592107362693497
19.977967720608103
24.224727906560080
77.482807750897052
93.017217449285766
62.572900008571743
95.737723862114592
-28.961259282640043
-55.884755276662489
111.787369325353424
-7.960205723554024
-33.950250703214913
40.629199134659167
110.427079622014318
-103.330422806503790
-1.694638399839925
137.184004869910780
7.746804843147038
-14.940225960851460
-131.006651814608318
-49.365704781837437
50.522991727800537
-94.576885681562118
82.036995748005950
93.463296850456516
54.443258156664150
63.338811940364138
-77.467069249180341
104.499528014876304
3.279875886024881
14.713949446044058
-114.594559843088675
-44.824888383857250
79.349252116130302
-36.451941446743476
5.351303043595798
30.015099814598717
67.286829335472618
-180.492203188154718
-88.049110604005477
-81.922793150716927
108.989393838662920
109.400373993778004
-15.332970440210385
47.745244641922227
-2.216351018191616
-70.678036017553325
16.953934357564535
91.598221049124717
97.606680697495904
-102.420283296296788
-50.135759760702783
-8.489564231280564
59.574799693506250
29.406704465488872
-24.714451478382429
-23.201659386485137
-58.309790149821467
-75.373112621419637
-117.917567293609622
73.382490197109689
-77.073585847181846
-46.922857537837004
-8.709723364516119
3.136856915028250
-9.490210585141686
-132.759970236101367
7.410567599307213
8.308570331801477
83.863241859777247
34.931885432352225
-86.896087391640819
91.319317016455472
117.854490773083569
50.803935494963930
42.658784171854400
-31.218796621438361
-104.528586714849197
84.472465308161702
62.718534910453350
12.333559151618228
-50.380847010016311
-89.257845546684777
-83.263824926204904
-58.454263172592718
78.057589593985057
-8.229960600185441
43.354185470264419
50.462121032966600
-69.989189457548960
-90.686002250129292
76.428191368195016
103.592427177690723
96.032410781492004
-151.779920337426262
15.713378254308241
-53.740055501945477
-63.646834230473054
-81.639926776244408
11.001429145531581
-39.154485404982097
14.196372230987603
-8.227976304078146
-44.089424856404143
115.332551832407916
29.411784459221828
30.718026729051466
-91.718088852742355
-66.471282056983142
-7.843953501903694
129.608396279476040
-31.864632480475297
81.506022244814403
75.047430120163909
-83.505910872963142
-26.301071675915630
-5.977263841602635
-14.496742235541907
-45.005474326714676
33.052463871927451
-14.045222389773372
55.199926178980590
-118.672639392168406
40.028234042130933
-36.434282894288636
63.518956698162476
-148.353864040856649
-71.215410622169259
-22.036327032038770
70.220301986875967
-41.408390092833343
42.813347789529260
-93.644875476033192
17.279725488091589
-84.404684004821661
-98.571273736623624
-14.740006543678401
-35.957829310380745
31.060245073098436
96.508967101258264
60.023785671123520
75.412118848781049
-90.873009592896523
-54.618108542835650
68.877902205888489
54.435199812808236
-62.984290782534075
8.037192096133563
97.483395600747102
88.657151528397762
-96.259797682208003
-107.538178864008188
133.801638405011573
23.250021557002015
-15.412803392022520
-40.511180034268996
171.252033987728112
118.980355225824070
8.867815745540669
-19.665142791974581
-8.704316270619660
76.598495351819381
-130.233680962437006
-94.169723035059491
38.835722305780060
-50.694922730743400
-28.371848411495694
60.814851641528691
59.836906351501618
100.884239573154119
-111.329682592223932
-145.828013079609690
-29.451929941784989
84.961461286693094
88.499441016402358
-63.265590483705694
71.336333187834640
-96.619076362780547
-153.967444757218061
-135.590835702620751
-27.292953679278565
70.539500616243657
22.165594604796624
-5.836266782358906
-14.867659964242762
139.057919924093909
-91.907436451269660
-46.994187126609461
-37.524890419048340
-69.932508810729814
-49.998565649517374
-111.745844089584324
93.048963142648148
5.351787915694784
-102.354902231701573
24.385767025695483
77.442316578972196
-39.731055777435714
-17.050161249666285
13.508140554964097
-14.686082013758615
-4.374748282837303
-169.143855437505181
17.851487620100393
-65.334811502741260
-70.086016738807189
17.088593688708055
-36.123427425058587
122.435613631683296
39.140549258090552
97.919437288042559
35.181585256580199
-69.799073328958272
60.295952632107657
37.655316141102922
-2.904253677338589
18.738289984197497
-72.778020940577889
15.753153316958695
63.166177682224827
-17.832154745832767
77.904864026528344
-7.692943693403265
14.935445253592288
55.036710323647988
88.194104506659301
-67.563028099249124
92.568702967492342
-38.035305325159570
41.842777224628307
-2.750397929629930
-34.327458009742713
22.333283656161822
-53.444831820732503
47.682627576855488
-51.662140947829400
-47.196019266264770
-29.202311125711535
-104.855864861830383
-147.378562047757839
108.300624853837320
-21.842585120030474
-64.686773923898897
41.188249642336544
-8.482834895692198
104.623635505682273
40.450356434252548
16.728140161234393
-91.875111503407680
151.510168807929944
58.363775227422472
78.216538244660683
51.106298506743386
104.094233701654744
8.649304644895402
-42.030209447405646
-48.211752020027596
-2.653268219974942
-26.165144457812016
-95.929415301921992
-19.271414936213606
102.932153690764721
-66.626828392142116
-93.041817871883723
-33.341331556315524
42.571509651278802
-8.234490709990819
37.581522256063991
-75.189371888918856
36.515502377367184
-121.330642041675191
-109.431584789084383
91.456438499921660
-34.491613202874873
-6.157133974512874
-50.851144349756261
17.669557349687356
132.604940364396100
40.408725802363755
-41.596475339732208
59.099229150419106
36.185304994779067
-78.947354176460337
-52.347391258507258
-11.509068959984125
-82.423854139833338
-115.603185400157031
-69.838488213983780
108.934380429243959
128.550404278307411
27.275807912515280
-99.355544357321349
117.009174867391110
13.047409317264828
-27.364075791620166
-17.978349355941198
85.901821862801455
19.066955718806398
46.984208804139669
7.378839231143447
94.573172369031298
76.374860595618628
-126.652758519487890
-14.687601820075267
-7.902103468217257
83.563167097083436
3.651433560206618
11.175711241075177
96.305379645536320
-59.971474770169671
-90.872235119680582
-102.095886076095127
-55.495501677025331
88.185361589495415
-42.865549007407395
72.136958399170993
123.549496206388937
80.107017682331573
-105.697672603722907
-73.940647665147850
9.656476551895377
54.900557402176176
20.462194709487704
-29.651535651415184
-64.323051803002997
-13.893391954404512
-128.305967461841391
-92.659783819469567
-82.168216576062932
-77.974456437198839
2.630301549133692
-117.328736476298531
101.976952716967020
66.347012127145177
-114.461940695522230
-36.406042727128195
84.453043048518495
-50.795188825591403
67.503496245714672
21.816575844853752
153.862762230093836
57.513965335359202
-43.892528096053979
-80.629480534197029
77.354955825450773
113.894338830409282
-86.680909807467543
-7.195774533799551
-53.835381050716990
70.001403981709387
-97.367555739442381
-38.853806697937593
83.751748552708946
-33.795108078432541
36.065655009681649
9.429080908279998
-45.716151513997211
27.389182554976468
-3.682940359816232
1.480573329888180
-38.326041338056797
38.129982293107886
-138.172856449995322
-76.004616478301187
94.085083653441657
70.653725700198891
58.410122803621704
-131.221767584527726
47.084360060186121
20.927958472570516
30.127948890677104
116.983919382062936
1.804157982980156
-27.097184666319766
27.564422475397929
22.796077549891454
22.920554792908803
79.345720603646058
-58.429228571431729
-11.823649145743509
-46.776513690903414
111.380724051705243
-82.047157653963254
-59.504315064899174
116.954398070480849
78.242439858815985
-60.842098763785685
-23.935174248653592
20.244752815664977
4.440810034325721
-95.827937445191921
53.621697134616554
165.892963553371033
48.942234280463474
60.739201884103238
13.045095052513439
93.292630965153762
81.172942001531226
-62.057966386612286
13.210486979879189
-80.074767672194454
71.159666873484170
-103.950831919046351
40.596180218767230
16.049167845934495
124.729387196076232
-17.043608552831756
-0.872851849373781
-5.519376189357240
-27.080116753617546
-91.152006111809484
27.362668351621831
55.107052295058160
43.072925880071921
-127.768612065454434
-40.282231532761976
101.373739154064666
147.450547934384275
31.915544623817365
35.784485118727893
77.394365346797514
-33.492178462603377
-89.028161448419752
17.643752204893801
154.174795912309236
-25.710790498423393
-61.308784632418273
-86.704651592007608
143.923990791465002
77.742086353006044
-32.248433565325108
-7.731154034456655
117.263339102110876
161.376864130063865
-101.198221401170429
16.704399358725176
61.169906202977948
-18.406434408413293
-60.170918849303241
-65.665263494227403
-11.230660695564222
100.729900935994252
-51.793403976016670
16.625060412825686
29.505082551810730
52.515583805075842
66.202218772508388
-46.022253760781368
-43.707957045484449
56.548294654206359
23.071871290708430
7.332920979093804
7.751636829730813
-5.098412947591275
-18.345196120739757
45.736315887278003
-8.449171734155764
-55.429327025416725
8.887362618788437
-60.201681291980726
136.616137371330325
-36.201821071488105
30.252959064148794
-52.376131594542962
7.670840005087337
26.830313534178348
-80.399805726042075
-15.281279690188223
-28.344630715124620
-30.117651088774906
-94.503859607124198
-56.005669174533921
-13.744728549000341
68.213727301116393
-88.674341409271250
-65.052061450122366
-3.885962708758639
154.715937302154487
-61.669040847953696
50.435466932882036
-36.258113786815834
-7.832322641619546
29.726998335023126
-28.389955630904822
62.489407059071340
8.739983914214406
96.194300210767594
32.910474018864946
104.217599256921474
45.508932591152814
-43.148185591606996
35.230935451886850
150.418042321353795
-32.513591292092478
-30.337125010864753
-66.532652304783269
13.053037933393355
-54.364577473412048
-6.199037112609443
34.766931306660290
-54.349379429786872
62.428885346021005
-154.675964736297800
16.504903262954659
-8.718847489772052
-52.899956772185703
-59.030215062688512
28.061969943541989
-57.543704766613438
92.639998220730035
34.784432276266031
-9.449687134956669
138.405593270363255
9.831690374756835
-5.086980474565472
-125.190735120451762
-65.910335516769635
13.445877231213636
-26.308721784235750
-67.218385990321991
103.306352672162234
106.710160406470905
-120.965402333834518
-107.289878329660766
77.058449724825806
5.506661564161776
-85.605564476410635
-2.473592150127412
178.307223460693365
-46.843867066204297
-56.888590292077488
-35.683200996778304
71.349691845027479
-17.202059382642446
-104.146194268175464
-112.490628705077853
27.561627953242866
-25.816370576837581
-101.421651526747652
-101.355208406035487
30.541216387296576
141.045159257192154
14.128541444296250
25.770010844014795
102.499281247521083
60.548699354719368
-25.139224718457534
-108.148406136599334
-104.218457307441582
147.546361163766790
-121.762762467206244
-35.447538850547346
19.980604427353342
-23.514133290833559
-4.356834308587154
-68.275328481767971
157.426006278267550
-14.863920968853623
29.714314700993011
-117.424825191749591
140.164962014161119
11.952752627431313
-131.947590810879063
-102.521877730420158
27.519472314143343
90.094859166583021
-72.623223070708264
36.480891949268283
122.975981198430503
27.699887121255390
-108.647211363580695
-150.076231889454647
30.401104217797357
105.902740544601002
14.023942190641783
-71.974685421132747
-17.946366515145101
107.872891690533024
-9.673779490685394
-49.022219620187869
125.734583700764972
39.335359741975566
-19.520779977889418
-12.832506547078584
21.355728663040203
48.674635688273575
-89.234397052489427
-11.113687492307614
-84.752395608246516
150.585929456107664
-158.368185873609605
-124.120596023606694
-47.704499268779486
11.380596798700449
-38.811047226805684
-52.259898560084565
-33.027431578770234
47.836520724528611
-81.439609726810318
21.918817111162983
82.770790007896892
120.876687561229502
-87.016644456724890
-70.836960222969410
8.072354599901633
119.496632219799992
-33.571170506501005
30.947715114697083
36.462568072367290
126.034748679743473
-56.843905860868702
-54.555718803567132
7.284297041559518
126.623694074516607
-36.739547286228870
-32.417129883105417
137.618785729850543
52.222828211672770
-12.674535568724634
-56.301038083134500
146.134795877543866
80.228566552944102
-3.766496666270171
-88.549346099584341
63.823259995619530
-2.448083475653749
-141.617254591883551
-110.880002921113743
6.286150647329642
31.136772442475294
-91.151693846736151
9.945792401595167
33.396714892553270
11.441442917689184
-67.187680098515585
83.465307423699755
41.478983201491772
-35.348002000395290
-35.300501028964028
-133.094112237105094
132.855884605665437
123.069893125145356
58.594979405939306
83.489320421489623
138.392234344598791
142.693529862323004
37.192926574720822
-128.078518358154099
119.606362058893382
76.940832401228775
-146.005910598128452
-138.076806534336697
136.515945746482174
86.718989061586967
-84.940434023176920
20.652761141202973
17.517760247980995
96.302038888721029
-30.885618362247463
56.243642724879514
-61.078268743099017
130.180378668724842
-199.151629920132422
-107.544341051797034
-7.545812079160017
11.706589875849179
-46.920820114936490
31.051872496722851
120.070279394870894
-36.247760562618460
-42.014851754792105
-115.483392452796878
37.114706484471178
-17.296262917956643
-7.806322862406653
-149.791567235525378
141.341113655826405
37.667786470523367
-34.925057153197251
20.952351713194908
96.857627135654496
160.138786508819322
40.923147679660502
-72.599365046605399
139.686332742088268
31.644058781495534
-58.616734219215445
-71.800380290068972
100.947856434388569
101.958721151608813
-13.258977839674648
39.755668578709724
86.552318022428253
12.104668761560829
48.806088640131101
17.364974361526183
103.518153871579358
57.413036692809584
-25.309238000407554
45.669051893754130
123.299190243800766
-34.848995675023716
-127.102888357963494
-79.457741417947162
-11.252517602532983
61.077026025140363
-76.630192106300882
32.250039403499827
157.927045540339947
-72.442607395696797
-29.292677535553391
-88.370524173701185
93.308613232796461
28.531482614368670
-142.784964213659777
-80.795422750433005
-21.139975107858195
-53.874505005385132
-123.179770805396885
14.710579968119033
-19.316592567478807
87.545192850183284
40.016562268262696
-77.036591235287432
67.465809303586326
186.064177940590668
-31.407973751908102
-25.018475161470008
-5.552840771809319
5.608185613926103
-167.986443426864156
-124.583165449328973
9.564051519296203
34.279877853592922
-24.399664762596760
-92.767378980608825
18.468040032412301
48.077322365477670
52.797462460084759
-159.018258002807272
39.759520658093351
50.628291479472210
-58.284188829140113
-140.123711481984259
132.693237551717658
-62.392962630209148
-96.792960293349552
-9.417305748347847
59.660130812610561
157.899818430497675
-45.492542204239939
-122.797588850754934
38.177625229352380
104.595497517005981
-102.952547547456902
11.550489735452850
103.370956425911444
66.323001057400560
-8.172206658080189
-89.245670687503406
57.177812692913605
52.855638087894484
-169.342932586708770
-32.666760915339992
92.780782867313135
199.430354670074081
-81.776140554862295
-128.738533391686360
-36.375888154833120
-26.960264746671609
-93.414219541816465
-118.860257394542799
100.943481145637421
70.288549145482833
68.288921285035158
16.218285705112020
77.204760883237299
-25.757763491260096
-35.205652445297147
-90.370000813430309
-12.721661961346072
49.811556231627080
-53.271544945441441
-3.473508852400798
145.704489826970558
84.649694324698459
5.433171048995947
-90.140549612135246
92.225764675048609
88.376191891622170
-59.625555093847112
9.569992805102206
-3.901222244965172
158.831192697359967
-138.481780711352542
-31.490929090652557
112.327028512276172
-87.070600842819971
-102.195282663979597
50.608559391840366
169.106498406974197
109.532637268936867
-87.755960378734542
-131.159866772179186
23.909645100700249
130.955006611399028
-124.940102632145681
-162.726598416435564
64.828405726151914
-63.911501572944402
-44.929363412312682
-27.886718673680946
-45.740867503629183
97.813827316964591
-39.602328411573119
29.882147418119757
-21.058204028784658
136.269539891002609
8.959324399635342
-159.313759519181900
-11.413810332128778
71.222719349446564
-39.797474212060621
50.170737861421308
67.643411383505480
84.808151266257326
7.518497911706527
-102.211546032779211
122.951362806397384
146.572533009289970
-76.004927576379600
-80.782734444454604
45.346906276378313
-59.294484614835298
-155.265756765977329
-4.213729241083193
53.648392925107707
143.843103790928012
-74.681911648593626
17.621196312590072
138.885526629356690
30.698339678350298
-141.675036661719275
0.340389738826881
94.972470183673607
133.687050845997362
-114.791245218987868
116.570659289757316
-6.500959028250682
143.097159645066768
6.286954959509106
-47.305336513406921
160.767147364600618
-7.575107091901223
-89.438249475668215
-103.206483058933429
7.458214909226220
-6.598750964291018
-85.979316642345097
-42.123800616478988
100.242479598042650
93.906190093464403
-7.642391915171778
-25.740177323025542
170.607347129047071
-39.602581578474513
-143.779778834425542
-46.327332539042246
-3.965482744270835
33.508145160219023
-107.146151029564365
-23.426104985637199
104.852958464650584
-81.647675687724444
30.980124767002785
-10.605409363163220
149.126348836202254
-24.958067840011523
-27.869034443031147
-38.799516165779707
75.142220529498317
87.861285064283209
-3.091245387361799
6.244543716151211
128.029048100073254
13.028926407889648
-130.028863607605786
-3.025264767216223
68.043644452917960
142.532283428584037
-173.513414645136010
-164.942704042065031
173.343645794855661
123.967456127520961
-163.505107072213860
-45.321650295061623
141.698500457531395
115.196055890565333
13.232821118572431
-91.085294923876873
87.495358204627138
129.445340936147971
-86.223769239480546
-99.254492922036619
-2.240667531526108
2.785359815892405
-94.294210938991952
-114.286279646743637
-32.743097814412828
-34.536702824526607
-33.721845492232454
-21.793212890869000
46.273169687649727
110.391432355933119
-177.889133790155768
13.112893376332996
95.059199197839888
57.041966127815471
-147.716281568371386
-77.841936779921198
70.730924207921902
123.799288561759397
-190.029289478300228
-102.818800592281605
39.775158701440510
158.570852670704852
-24.380459488129418
-37.612644363226181
172.609858571096566
135.576160268939844
30.068038755527283
20.803722881289733
22.966668492618489
122.399523850408443
-171.881509796513171
-5.117985999190482
122.196711166910404
67.576599833548329
-77.291102556617275
-134.100489810507270
34.948214900163322
74.944312739646080
-82.805801640906367
-117.563842352857762
-9.156459156767855
108.690051302260031
-95.428747356972721
-85.625707845981751
-52.217069083470484
112.222480090265094
-64.568527304017024
-155.816798929623417
125.803927313812551
35.209839676225755
-103.721577682127418
-95.770107386189125
49.398354006354431
-4.170722248761316
-42.947676275848607
-43.047062972247176
21.613810488260501
74.853206519818755
-8.508658743621618
-27.276723372259731
161.887162294656235
-2.951319568204962
-122.564122891977604
-81.057182954923761
-25.764378476024170
156.561022241197122
-155.799426454645555
-50.543084426982027
127.612072259836054
44.461209347036707
-88.540536063165717
39.174131366667716
139.604886871584796
24.627311875567322
-151.739699581830138
-156.402240458675408
42.125532553692452
108.771943837232001
-19.774734363825004
-84.765860015508991
171.380830003914554
68.911707478995496
2.912033877346076
2.996206341869153
38.093653971022349
142.082895046094308
-78.389944210719136
-116.209035499541983
83.360483457723277
126.323303157209352
-146.830167042261166
-28.964670777768482
-18.091576983702442
71.442234286970518
-89.783233191217207
30.621898161200953
8.359790354851917
24.316367465721893
-146.838777786918286
-94.712781917718260
28.551476425864816
-15.128129983799600
-7.000193614576625
-69.733572812863841
196.894746220769179
-23.518238468919577
-39.535617244740209
-105.652225283174289
46.591815801737731
-11.907840993087639
-7.838451163278652
-74.831705237236022
18.657192335077859
-44.669472090631047
-129.526968303292108
-68.600323624646379
134.779159529244367
85.726275991334148
-120.727691564209167
-9.838501640404166
-10.895932748615943
134.443535772180098
-161.493837255350940
-129.621869881911891
95.742450394845520
-10.453376682931077
-47.819765314966759
-168.924458055028708
-10.753886702663808
89.221699038679958
-87.178081431285150
-33.835551449542542
90.172863931849335
63.631927507240597
-95.184598409811372
-178.873715357095648
43.842143980530238
130.832130919208311
-153.563107698377024
-53.595256719214795
147.272545476066085
-31.537169288432430
-22.802229815613572
-69.943459784066050
-53.297341442451845
-7.203023485584420
-39.294164752588010
-39.403890199572565
26.097039433869064
25.536610287728077
-129.109948708092475
-176.631095708733881
106.763131402057112
-18.874754180490619
-43.415053955628345
-54.233965151537753
23.133366062971408
20.296188120822684
-56.191662513677109
17.136775314408325
40.215681843883047
115.291699060864786
-139.279931173093161
-104.737776632955388
20.183366695709118
133.237406258747001
-170.476407522634986
-148.507838992537160
126.767572574689581
-61.458192580592048
-160.698658051796599
17.049112542066112
95.434152285552557
29.138673123917279
-62.336528649977012
-18.844868362715573
150.409277408150700
16.363386703669562
-160.648191992218557
56.808761290941185
108.023098240590784
163.585302007811094
31.900918722330672
-141.788615511161765
42.906438968329446
95.523226358253766
43.230550328283840
-150.595247219779679
111.380355344581119
90.718913370832652
-11.918240542029778
-84.499245424688496
-42.228358454603011
141.138482133700847
-135.120245511785157
-32.571560495984343
46.063212493305123
185.227184966286899
24.440205177552492
-15.521436648040220
55.779672387800133
61.875471757111249
-14.495742566368264
-76.146713098963403
26.624453398515623
103.210002503818799
-159.993369336078871
-84.107828034782202
32.096731146864549
-12.006421821478234
-102.493592595339692
-116.947401629901194
111.456706055779748
152.323964106521174
-113.556202850632687
-161.062258169680149
28.976584529097032
158.249969767770580
-96.727990032316598
-135.557214724065886
52.264886399494607
65.102640077690268
-95.099479495433926
-32.879637881079518
143.844473828524627
52.100215487834468
-3.297247718649187
-110.887572557695137
88.002993752582341
71.698285126645175
-103.262906329293315
-6.884593121396867
90.830256037050475
22.448511330163715
23.080845271157077
-52.581669405135592
132.624101993917748
30.073848598756452
-187.486390330839470
-102.478238579300324
208.406733497301587
47.204281321971131
-37.234938360319866
5.253423629957101
-27.270326606401976
81.295986920012936
-38.196710679426992
-194.808996248251418
26.008007481286004
216.889438719631556
-24.049161793582964
-78.107909701396053
187.066004628935161
159.875991988498953
-29.300936602684740
-59.781605185909065
72.452734386219376
124.813019523719802
-67.055606600526431
-54.317144096474685
76.734529313747771
78.517307257992158
-139.408870329038962
-57.185795381051257
43.656423406777932
70.338526172855410
-64.913187930617696
-79.291941211854621
38.961517345166243
124.996311006371485
-106.887490845389465
-44.389715848157557
126.501769230965223
168.982475573093808
-70.484753826529158
14.367731089761538
23.390312256885839
138.790970539603734
8.697935840900524
32.925163353419407
-10.552215809053436
72.515280988804804
-67.648000113504679
-14.794331910043928
86.753706699780693
164.789124583786332
4.249246272289131
-86.615328578246348
32.153738329983213
23.974114362709319
-10.792202396513229
-171.411217741262135
-53.448839782986653
48.567744544200458
-22.810134627049873
-94.575196519200091
75.526912767711224
-6.370883874540243
-13.623267151023230
12.974024326445228
185.506372696237833
134.717435383570745
-65.848915433992573
-137.869057857016600
160.080198219525414
18.384978409083779
-78.393994769103372
-35.466109501454305
62.883515382810849
133.356736989821883
-98.281325595155678
-209.192109044333222
138.792232495486871
177.878826019552093
-144.840846047910361
7.631176848794504
26.776237128732706
86.067110901244462
-53.827702772819841
-114.982970798009035
-48.109071002048815
61.376620127691105
-35.273438507210074
-146.434874924155650
71.971509489885648
118.537914764753381
-47.692936229604349
18.706264698825073
97.611181711793407
37.498456859739605
-192.952718160085823
-60.595434431597809
17.859985591985712
130.819071194199523
35.223834070131353
-61.982682402841903
4.240828366991011
19.069338104829534
-102.755083185326328
-22.131348545163572
45.965124741982748
130.357640012328005
-31.176274147924385
-72.283378159813338
147.378579354770494
86.424873678634853
30.341254797625901
-166.547035210582891
107.330298357009809
76.728409211477512
-137.457731346043801
-15.691263098182212
105.184292264665487
184.470498626754619
-87.113890178392310
-122.752754273159809
-1.698008284038802
110.075804744546630
-67.230848497588795
-58.153209711988744
2.467255809820018
-5.060142927776251
-118.313755116153928
-171.268369001125706
131.974202201102230
9.011778192116969
-130.661939629146673
-109.093522389280182
155.566736940418025
34.895037118936536
-159.446183264052962
-74.591173007406482
150.362841281226338
-22.269878075842900
8.112787076250756
-49.417761746370587
75.520795130153289
-33.125835175191249
-64.036590747982544
49.352769688800038
81.541229057841107
123.714513860062851
-47.130534371727265
-148.730325017243757
39.506311497749003
97.922078517193199
-40.827926763188387
-169.793957064679404
180.141325292802350
17.204838838240786
-41.267969571574966
-82.810453311837932
180.631512268913127
59.460352553398977
-48.427882668729332
-62.024808260726687
45.834740462840863
4.487751955900634
-150.820748642170997
4.748390678117846
153.930677552261500
29.906075743765335
-177.906118890147297
45.013979501664210
119.825654112848127
170.050552556387970
103.790267749473870
-143.714269417131220
-22.249144947396601
159.363511538152181
-28.153498193995361
-133.226118914437507
161.239697511358088
50.574468915728474
-129.185328465495218
18.507590096362446
62.550529785223048
-41.809261129268727
-41.400975383666697
-141.989565068981477
157.208455978361968
24.129121472262060
-148.117416115636559
-132.360319942684413
211.930609419631281
135.217519505171623
-11.750529260962821
-10.435337443764269
147.875370335729485
122.874922172965270
-67.354947548179510
-87.231162657012590
199.047937846947946
124.305363759049726
-190.945003571115649
-74.131733934530601
159.852601570116889
97.693265823528435
-46.777761059870322
-73.865670636661804
45.300051734733202
140.870352986703352
-158.838156778272037
-92.653516567265356
168.762185609503689
92.950639479968515
-169.409580769864732
-18.481825433285582
88.466975506361194
-41.380485546999275
-6.798067027546142
-48.257030377777212
147.118277606521133
167.489572126386747
-141.897524685782287
-20.003196611983157
74.934357944711820
42.382097708648296
-170.394292359679241
-134.713047462994439
109.070824140452615
182.888364854712847
-47.794331188131849
-51.234355757687233
130.920021126156598
106.358952286748320
-147.291618800893588
-192.413715738367443
77.677741279816033
82.846748852059577
-110.988239547591348
-7.304750001642645
111.229405513241971
95.146749225049092
-67.103947847922370
-74.147529170707642
114.695316161933064
11.227198443017400
-16.899135590592408
-215.678549056068363
152.920153064236700
2.822664333072159
-10.728213580768339
-104.402022756116651
-29.346437777948442
65.777665160075699
-200.035010961295228
-56.137583995278121
153.039579638324682
113.538249379521716
-72.006891131048988
-91.322445020087955
13.216819166040729
108.691140131821925
-102.884885391848272
73.810177206587412
168.005183122848109
45.097647344969786
-14.457308697970781
-143.347625515076288
138.851577529310191
137.181145652588725
-161.321014069127273
-128.272661765094512
35.378258190579771
31.493840572836579
-126.099377181763387
3.895140237445762
39.084807236035992
95.207638911352106
-169.201658972903545
-43.226213329932520
105.990133346348983
12.675521461163790
-138.191427664935617
-160.741744994397152
138.715996815504838
95.063496313813786
-147.717869531487196
-13.442809666202457
73.904812711693893
189.160161847825123
-69.182468237066459
-92.461122906531145
160.640642432692459
89.719136453644225
4.154124731161176
-183.946225483486216
175.166743434763845
117.221924698893375
-0.152029390648365
-115.119113186430369
11.074567809219506
123.451076280208468
-34.802018923503084
-98.263149044359196
129.836454230651327
86.452548374688249
-86.775423081158877
-118.577463322701092
198.142019553885518
48.216681631570239
-102.946725628757477
-174.002883494925442
80.912175093315312
23.105207122748144
-35.795153534725998
1.471766940397789
210.992299222767059
160.457044072739478
-11.994000954906006
-41.386208584369591
94.550651523104676
102.912982066128350
-34.619190402556960
-141.204565052429245
145.769688529198390
73.779169284497527
-7.294663624276778
-28.905796877951403
99.048981939433972
69.199726814118890
-136.331295099393884
-67.324467069941718
42.574414601301783
162.556875328484722
-91.249184931226452
-117.981671750017824
147.413986790514372
172.500007484538060
-180.544192217877054
6.187229639634889
42.833038924736634
177.294149400292127
-104.163587385391921
-133.854987423512995
182.475267016621217
173.028711889025601
-47.453428792402832
-97.812237858447929
132.287887036151943
14.406716390373129
-132.855995265977640
-126.119451468696496
109.016881303023595
64.245481979661520
-149.263886870848381
-182.416549498096117
57.931912627866865
169.229528590091462
-84.816574916315645
-132.202132069037617
56.245938781461284
171.319923240550310
-91.387376542062597
-114.031312581201050
122.110210864108893
180.167873305930271
-63.315363745647609
-107.026154949966255
195.801455441430704
206.922435695093441
-7.630905897312755
-191.436057380344266
104.347440514393455
205.599520353333702
-47.300963987111409
-78.581633583640553
176.346630459598146
190.929691612364451
-3.136688973885852
-133.414892180621479
79.880899588243651
159.232075964327976
-89.074302159782988
12.849015126424900
129.164807081701809
31.056091460721859
-57.815121889372662
-61.264025119023081
69.009369795421264
164.474050641187262
-70.468503324681564
-63.549186308267714
22.575127198550632
109.953816908115584
-97.981656709420719
-155.617672712502809
152.588884365056657
143.063301570964256
-109.272585955993279
-102.707582386751753
47.856053136709427
43.596240841648793
-96.262636892508596
-119.768059138415694
100.304714256206694
67.141510414485595
-73.758649577509715
-70.262476096412982
67.132990530037119
169.976282707474212
-143.421609493486301
-194.047033989899717
73.168852575221990
84.235222119149341
-105.277180304263808
-119.194310391463148
181.101471048717428
113.079716629911218
-130.764940340005666
-164.657637268337140
141.790849588987129
34.478800405676530
-57.577229450865346
-167.285836715903628
22.167096439265123
-20.598040861585694
-112.367758785747725
-97.629631307944280
154.404925616266439
129.807703219227022
-67.224872564855474
-145.173091838485448
30.903835373597616
173.970994576119836
-106.189710709037897
-6.272233323570839
26.008838131609679
124.311788265409859
-180.488085156026074
-175.525432771349244
36.099421218078810
64.432376013145245
-63.589868764062246
-122.614910877354717
163.821800017653487
89.507560388974611
-73.119633738480573
-31.257947838782243
137.732548096993412
185.748815999775644
-185.265791636638994
-19.622380357124143
88.473613155674258
183.750549704673574
-106.206818799684100
-3.547860115081632
70.246334942020098
42.348297038706278
-144.734085295824713
-173.622492706150979
123.446937798970467
55.525954547719962
-136.102406593287526
-119.784192369633601
-9.255717890441529
215.495734483098573
-44.385928049894993
-177.732667317615835
161.988233065851915
76.199483669373251
-203.629601621921552
-106.616022838802962
68.911796639325644
123.470883067987188
-43.979285745150278
-87.392030427195436
128.616697730877320
133.209617893530151
9.257601466144608
-141.687208659585622
181.815604648521486
29.803729158251819
7.789543398739115
-16.090674784350789
107.033156584916966
18.691752292019732
-62.921260448456643
-39.389251390975915
230.761233716101316
170.464598406213440
-137.876374084788381
-89.681800617004328
91.431513223454544
185.461538449028751
